VERSION 300
Charset "WindowsLatin1"
Delimiter ","
CoordSys Nonearth Units "m"
Bounds (0.000000,0.000000) (12.000000,7.600000)
COLUMNS 2
ID   integer
ELEVATION   decimal (17,5)
DATA
PLINE 11
2.894000	 5.884000
3.288000	 5.754000
3.282000	 5.220000
2.942000	 5.214000
2.854000	 5.300000
2.794000	 5.412000
2.768000	 5.520000
2.766000	 5.608000
2.794000	 5.722000
2.824000	 5.794000
2.894000	 5.884000
    Prop L1 L1-001 哈根达斯Haagen-Dazs 5
    Pen (1, 2, 0)
PLINE 12
3.306000	 5.344000
3.308000	 5.204000
2.988000	 5.192000
3.298000	 5.046000
3.468000	 4.946000
3.622000	 4.824000
3.812000	 4.672000
3.840000	 4.640000
4.396000	 5.344000
3.734000	 5.590000
3.734000	 5.338000
3.306000	 5.344000
    Prop L1 L1-001a  3
    Pen (1, 2, 0)
PLINE 16
2.590000	 4.868000
3.054000	 4.868000
3.054000	 4.270000
3.932000	 4.272000
3.836000	 4.412000
3.672000	 4.572000
3.558000	 4.702000
3.446000	 4.778000
3.306000	 4.878000
3.072000	 4.996000
2.892000	 5.082000
2.808000	 5.146000
2.706000	 5.060000
2.662000	 4.990000
2.602000	 4.920000
2.590000	 4.868000
    Prop L1 L1-058  3
    Pen (1, 2, 0)
PLINE 6
2.560000	 4.778000
2.964000	 4.778000
2.964000	 4.410000
2.546000	 4.414000
2.544000	 4.642000
2.560000	 4.778000
    Prop L1 L1-052  3
    Pen (1, 2, 0)
PLINE 6
2.552000	 4.380000
2.968000	 4.380000
2.968000	 4.202000
2.584000	 4.200000
2.560000	 4.262000
2.552000	 4.380000
    Prop L1 L1-053  3
    Pen (1, 2, 0)
PLINE 6
2.592000	 4.168000
2.646000	 3.982000
2.720000	 3.730000
3.178000	 3.956000
3.176000	 4.178000
2.592000	 4.168000
    Prop L1 L1-054-055 p+ 3
    Pen (1, 2, 0)
PLINE 9
3.176000	 3.922000
3.174000	 3.804000
3.282000	 3.804000
3.154000	 3.394000
3.000000	 3.442000
2.902000	 3.500000
2.802000	 3.578000
2.738000	 3.702000
3.176000	 3.922000
    Prop L1 L1-054-055 p+ 3
    Pen (1, 2, 0)
PLINE 4
3.314000	 3.798000
3.636000	 3.798000
3.638000	 3.480000
3.518000	 3.422000
    Prop L1 L1-056  3
    Pen (1, 2, 0)
PLINE 4
3.518000	 3.422000
3.380000	 3.386000
3.184000	 3.388000
3.314000	 3.798000
    Prop L1 L1-056  3
    Pen (1, 2, 0)
PLINE 8
3.756000	 3.798000
4.042000	 3.798000
4.020000	 3.702000
3.974000	 3.622000
3.910000	 3.562000
3.802000	 3.524000
3.760000	 3.516000
3.756000	 3.798000
    Prop L1 L1-057  3
    Pen (1, 2, 0)
PLINE 10
4.310000	 3.036000
4.026000	 2.924000
3.816000	 2.820000
3.692000	 2.754000
3.624000	 2.722000
3.610000	 2.604000
3.618000	 2.492000
3.660000	 2.450000
4.312000	 2.450000
4.310000	 3.036000
    Prop L1 L1-038  3
    Pen (1, 2, 0)
PLINE 23
3.420000	 1.386000
3.562000	 1.374000
3.650000	 1.378000
3.650000	 2.166000
3.588000	 2.270000
3.488000	 2.364000
3.374000	 2.424000
3.246000	 2.468000
3.078000	 2.450000
2.992000	 2.406000
2.880000	 2.330000
2.808000	 2.242000
2.746000	 2.148000
2.712000	 2.056000
2.710000	 1.944000
2.718000	 1.836000
2.814000	 1.694000
2.922000	 1.600000
3.092000	 1.502000
3.210000	 1.452000
3.210000	 2.116000
3.414000	 2.114000
3.420000	 1.386000
    Prop L1 L1-051b Brooksfield 3
    Pen (1, 2, 0)
PLINE 5
3.754000	 2.104000
3.756000	 1.384000
4.322000	 1.382000
4.320000	 2.106000
3.754000	 2.104000
    Prop L1 L1-050a JuicySqueared蜜方 3
    Pen (1, 2, 0)
PLINE 10
4.424000	 5.326000
4.890000	 5.166000
4.890000	 4.388000
4.296000	 4.394000
4.296000	 3.768000
4.192000	 4.084000
4.082000	 4.302000
3.986000	 4.476000
3.862000	 4.616000
4.424000	 5.326000
    Prop L1 L1-002 FusionColletion 3
    Pen (1, 2, 0)
PLINE 5
4.318000	 4.358000
4.320000	 3.724000
4.642000	 3.836000
4.640000	 4.360000
4.318000	 4.358000
    Prop L1 L1-003 Blugirl 3
    Pen (1, 2, 0)
PLINE 9
4.670000	 4.350000
4.666000	 3.848000
4.992000	 3.946000
5.002000	 4.692000
5.348000	 4.694000
5.348000	 4.988000
4.930000	 5.144000
4.928000	 4.362000
4.670000	 4.350000
    Prop L1 L1-004   3
    Pen (1, 2, 0)
PLINE 5
5.026000	 4.668000
5.344000	 4.670000
5.344000	 4.020000
5.024000	 3.954000
5.026000	 4.668000
    Prop L1 L1-005 DirkBikkembergs 3
    Pen (1, 2, 0)
PLINE 5
5.374000	 4.976000
5.670000	 4.872000
5.670000	 4.072000
5.372000	 4.026000
5.374000	 4.976000
    Prop L1 L1-006 Richmond 3
    Pen (1, 2, 0)
PLINE 5
4.336000	 3.042000
4.698000	 3.162000
4.708000	 2.450000
4.348000	 2.452000
4.336000	 3.042000
    Prop L1 L1-037  3
    Pen (1, 2, 0)
PLINE 5
4.740000	 3.162000
5.082000	 3.278000
5.078000	 2.450000
4.738000	 2.452000
4.740000	 3.162000
    Prop L1 L1-036 FERRE费雷 3
    Pen (1, 2, 0)
PLINE 7
4.350000	 2.100000
5.306000	 2.098000
5.304000	 1.960000
4.976000	 1.964000
4.976000	 1.384000
4.350000	 1.384000
4.350000	 2.100000
    Prop L1 L1-049a CaffeBene咖啡陪你  3
    Pen (1, 2, 0)
PLINE 5
5.420000	 2.096000
6.018000	 2.094000
6.020000	 1.776000
5.418000	 1.778000
5.420000	 2.096000
    Prop L1 L1-048 FLORENTINO 3
    Pen (1, 2, 0)
PLINE 7
6.108000	 2.098000
6.840000	 2.098000
6.840000	 1.390000
6.278000	 1.388000
6.276000	 1.772000
6.110000	 1.768000
6.108000	 2.098000
    Prop L1 L1-047a/b H.E/LARDINI 3
    Pen (1, 2, 0)
PLINE 5
5.190000	 2.692000
5.648000	 2.690000
5.650000	 2.558000
5.778000	 2.556000
5.780000	 2.450000
    Prop L1   1
    Pen (1, 2, 0)
PLINE 3
5.190000	 2.692000
5.190000	 2.450000
5.780000	 2.450000
    Prop L1 L1-039 WhoAreYou 3
    Pen (1, 2, 0)
PLINE 9
5.822000	 2.548000
6.032000	 2.548000
6.034000	 2.712000
6.228000	 2.710000
6.228000	 2.880000
6.328000	 2.880000
6.328000	 2.448000
5.828000	 2.448000
5.822000	 2.548000
    Prop L1 L1-040 Republic&Co 3
    Pen (1, 2, 0)
PLINE 5
6.366000	 2.872000
6.366000	 2.448000
6.692000	 2.450000
6.694000	 2.878000
6.366000	 2.872000
    Prop L1 L1-041 GAUDI 3
    Pen (1, 2, 0)
PLINE 5
6.736000	 2.870000
7.074000	 2.872000
7.074000	 2.452000
6.738000	 2.454000
6.736000	 2.870000
    Prop L1 L1-042 LiuJoUOMO 3
    Pen (1, 2, 0)
PLINE 5
5.368000	 3.336000
5.766000	 3.416000
5.764000	 3.132000
5.360000	 3.132000
5.368000	 3.336000
    Prop L1 L1-035 RollsGallup 3
    Pen (1, 2, 0)
PLINE 7
5.882000	 3.432000
6.136000	 3.472000
6.348000	 3.494000
6.508000	 3.496000
6.512000	 3.140000
5.878000	 3.140000
5.882000	 3.432000
    Prop L1 L1-034 DavidMayerNaman 3
    Pen (1, 2, 0)
PLINE 7
6.544000	 3.494000
6.778000	 3.500000
6.962000	 3.494000
7.128000	 3.478000
7.128000	 3.142000
6.544000	 3.138000
6.544000	 3.494000
    Prop L1 L1-033 ICEBERG 3
    Pen (1, 2, 0)
PLINE 5
5.702000	 4.858000
6.012000	 4.746000
6.012000	 4.112000
5.698000	 4.078000
5.702000	 4.858000
    Prop L1 L1-007 ClassRobertoCavalli 3
    Pen (1, 2, 0)
PLINE 5
6.040000	 4.736000
6.498000	 4.572000
6.342000	 4.142000
6.046000	 4.116000
6.040000	 4.736000
    Prop L1 L1-008 Byblos毕伯劳斯 3
    Pen (1, 2, 0)
PLINE 6
6.536000	 4.552000
6.390000	 4.152000
6.618000	 4.170000
6.816000	 4.178000
6.920000	 4.420000
6.536000	 4.552000
    Prop L1 L1-009 NIPMAR 3
    Pen (1, 2, 0)
PLINE 7
6.876000	 2.094000
7.248000	 2.098000
7.352000	 2.114000
7.490000	 2.154000
7.482000	 1.382000
6.882000	 1.386000
6.876000	 2.094000
    Prop L1 L1-046 CNC 3
    Pen (1, 2, 0)
PLINE 22
7.570000	 2.166000
7.570000	 1.762000
8.134000	 1.766000
8.136000	 1.380000
8.242000	 1.388000
8.336000	 1.436000
8.410000	 1.504000
8.458000	 1.606000
8.510000	 1.816000
8.510000	 1.950000
8.484000	 2.134000
8.432000	 2.310000
8.374000	 2.408000
8.312000	 2.506000
8.224000	 2.538000
8.132000	 2.516000
8.060000	 2.450000
7.982000	 2.380000
7.902000	 2.332000
7.788000	 2.264000
7.670000	 2.206000
7.570000	 2.166000
    Prop L1 L1-045a/c smalto/DanielHechter 3
    Pen (1, 2, 0)
PLINE 6
7.100000	 2.870000
7.460000	 2.872000
7.460000	 2.496000
7.248000	 2.456000
7.098000	 2.450000
7.100000	 2.870000
    Prop L1 L1-043 JColor 3
    Pen (1, 2, 0)
PLINE 7
7.488000	 2.828000
8.040000	 2.832000
7.928000	 2.686000
7.766000	 2.592000
7.666000	 2.540000
7.494000	 2.500000
7.488000	 2.828000
    Prop L1 L1-044 JustCavalli 3
    Pen (1, 2, 0)
PLINE 16
7.288000	 3.444000
7.288000	 3.260000
7.472000	 3.258000
7.472000	 2.904000
7.492000	 2.904000
7.490000	 2.850000
8.052000	 2.856000
8.050000	 2.956000
8.026000	 3.046000
7.952000	 3.130000
7.844000	 3.216000
7.720000	 3.290000
7.608000	 3.346000
7.456000	 3.396000
7.344000	 3.428000
7.288000	 3.444000
    Prop L1 L1-032 Max&Co 3
    Pen (1, 2, 0)
PLINE 7
6.950000	 4.406000
6.844000	 4.174000
7.020000	 4.182000
7.314000	 4.186000
7.354000	 4.186000
7.354000	 4.262000
6.950000	 4.406000
    Prop L1 L1-010 Pollini波利尼 3
    Pen (1, 2, 0)
PLINE 5
7.516000	 4.550000
7.422000	 4.200000
7.956000	 4.332000
7.958000	 4.382000
7.516000	 4.550000
    Prop L1 L1-011 SWAROVSK施华洛世奇 3
    Pen (1, 2, 0)
PLINE 14
9.660000	 2.050000
10.098000	 1.852000
9.940000	 1.450000
9.930000	 1.386000
9.868000	 1.306000
9.732000	 1.286000
9.594000	 1.320000
9.508000	 1.372000
9.420000	 1.486000
9.278000	 1.806000
9.402000	 1.844000
9.518000	 1.904000
9.602000	 1.974000
9.660000	 2.050000
    Prop L1 L1-031b/c DeClassie/Borbonese 3
    Pen (1, 2, 0)
PLINE 8
9.140000	 2.206000
9.232000	 1.902000
9.368000	 1.936000
9.486000	 1.990000
9.550000	 2.064000
9.558000	 2.094000
9.252000	 2.234000
9.140000	 2.206000
    Prop L1 L1-031a ANNASUI 3
    Pen (1, 2, 0)
PLINE 5
9.922000	 2.442000
9.776000	 2.030000
10.112000	 1.884000
10.270000	 2.300000
9.922000	 2.442000
    Prop L1 L1-030 国玉 3
    Pen (1, 2, 0)
PLINE 5
9.940000	 2.464000
10.284000	 2.334000
10.410000	 2.664000
10.056000	 2.806000
9.940000	 2.464000
    Prop L1 L1-029  3
    Pen (1, 2, 0)
PLINE 5
10.076000	 2.830000
10.418000	 2.698000
10.526000	 2.964000
10.180000	 3.114000
10.076000	 2.830000
    Prop L1 L1-028 周生生 3
    Pen (1, 2, 0)
PLINE 6
9.026000	 2.858000
9.056000	 2.536000
9.076000	 2.456000
9.160000	 2.426000
9.282000	 2.776000
9.026000	 2.858000
    Prop L1 L1-019 ALEXANDREDEPARIS 3
    Pen (1, 2, 0)
PLINE 9
9.072000	 3.584000
9.030000	 3.350000
9.026000	 3.246000
9.028000	 2.952000
9.114000	 2.926000
9.208000	 3.154000
9.420000	 3.068000
9.528000	 3.376000
9.072000	 3.584000
    Prop L1 L1-018 Y-3 3
    Pen (1, 2, 0)
PLINE 5
9.550000	 3.364000
9.450000	 3.060000
9.708000	 2.960000
9.826000	 3.264000
9.550000	 3.364000
    Prop L1 L1-020 Ross 3
    Pen (1, 2, 0)
PLINE 5
9.846000	 3.254000
9.730000	 2.950000
9.928000	 2.872000
10.038000	 3.170000
9.846000	 3.254000
    Prop L1 L1-021 钻业 3
    Pen (1, 2, 0)
PLINE 7
10.038000	 3.958000
9.918000	 3.624000
10.168000	 3.540000
10.360000	 4.018000
10.204000	 4.082000
10.138000	 3.918000
10.038000	 3.958000
    Prop L1 L1-017 六福 3
    Pen (1, 2, 0)
PLINE 5
9.766000	 4.070000
10.012000	 3.974000
9.894000	 3.640000
9.602000	 3.754000
9.766000	 4.070000
    Prop L1 L1-016 金大福 3
    Pen (1, 2, 0)
PLINE 5
9.646000	 3.890000
9.602000	 3.754000
9.176000	 3.924000
9.260000	 4.054000
9.646000	 3.890000
    Prop L1 L1-015 C8Alacritous 3
    Pen (1, 2, 0)
PLINE 7
9.280000	 4.076000
9.658000	 3.918000
9.838000	 4.310000
9.550000	 4.432000
9.456000	 4.324000
9.348000	 4.204000
9.280000	 4.076000
    Prop L1 L1-014 Chloe 3
    Pen (1, 2, 0)
PLINE 7
9.596000	 4.474000
9.878000	 4.376000
10.016000	 4.718000
9.984000	 4.804000
9.736000	 4.610000
9.624000	 4.502000
9.596000	 4.474000
    Prop L1 L1-013 FABI 3
    Pen (1, 2, 0)
PLINE 5
10.424000	 3.754000
10.310000	 3.462000
10.664000	 3.322000
10.778000	 3.610000
10.424000	 3.754000
    Prop L1 L1-027 周大福 3
    Pen (1, 2, 0)
PLINE 5
10.434000	 3.774000
10.792000	 3.632000
10.910000	 3.958000
10.560000	 4.094000
10.434000	 3.774000
    Prop L1 L1-026 金至尊 3
    Pen (1, 2, 0)
PLINE 5
10.680000	 4.396000
10.582000	 4.116000
10.928000	 3.986000
11.032000	 4.264000
10.680000	 4.396000
    Prop L1 L1-025  3
    Pen (1, 2, 0)
PLINE 5
10.690000	 4.426000
11.046000	 4.290000
11.168000	 4.606000
10.814000	 4.740000
10.690000	 4.426000
    Prop L1 L1-024 老凤祥 3
    Pen (1, 2, 0)
PLINE 6
10.842000	 4.994000
10.822000	 4.762000
11.178000	 4.634000
11.278000	 4.896000
10.972000	 5.018000
10.842000	 4.994000
    Prop L1 L1-023 周大生 3
    Pen (1, 2, 0)
PLINE 13
10.816000	 5.246000
10.838000	 5.022000
10.968000	 5.050000
11.294000	 4.922000
11.318000	 5.008000
11.326000	 5.140000
11.282000	 5.244000
11.226000	 5.290000
11.158000	 5.316000
11.048000	 5.310000
10.948000	 5.300000
10.838000	 5.274000
10.816000	 5.246000
    Prop L1 L1-022 钻石世家 3
    Pen (1, 2, 0)
PLINE 13
10.172000	 4.926000
10.360000	 5.042000
10.516000	 5.124000
10.656000	 5.186000
10.684000	 5.084000
10.688000	 4.948000
10.668000	 4.844000
10.638000	 4.724000
10.586000	 4.600000
10.554000	 4.540000
10.434000	 4.598000
10.402000	 4.632000
10.172000	 4.926000
    Prop L1 L1-012 ELISABET-FRANCHI 3
    Pen (1, 2, 0)
PLINE 5
7.990000	 5.020000
8.124000	 4.974000
8.038000	 4.742000
7.890000	 4.792000
7.990000	 5.020000
    Prop L1 L133 京润珍珠 1
    Pen (1, 2, 0)
LINE 8.194000 4.950000  8.330000 4.894000
    Pen (1, 2, 0)
PLINE 4
8.330000	 4.894000
8.244000	 4.670000
8.106000	 4.726000
8.194000	 4.950000
    Prop L1 L132 梦妆 1
    Pen (1, 2, 0)
PLINE 5
8.374000	 4.874000
8.542000	 4.816000
8.454000	 4.570000
8.282000	 4.640000
8.374000	 4.874000
    Prop L1 L131 DHC 1
    Pen (1, 2, 0)
PLINE 5
8.742000	 5.096000
8.904000	 5.032000
8.808000	 4.796000
8.652000	 4.860000
8.742000	 5.096000
    Prop L1 L127 欧珀莱 1
    Pen (1, 2, 0)
PLINE 5
8.536000	 5.172000
8.676000	 5.124000
8.584000	 4.890000
8.446000	 4.946000
8.536000	 5.172000
    Prop L1 L128 泊美 1
    Pen (1, 2, 0)
PLINE 7
8.312000	 5.258000
8.466000	 5.212000
8.434000	 5.110000
8.390000	 5.104000
8.342000	 4.978000
8.222000	 5.026000
8.312000	 5.258000
    Prop L1 L129 珀莱雅 1
    Pen (1, 2, 0)
PLINE 5
8.124000	 5.352000
8.242000	 5.302000
8.152000	 5.070000
8.036000	 5.120000
8.124000	 5.352000
    Prop L1 L130 玫瑰人生 1
    Pen (1, 2, 0)
PLINE 5
9.076000	 5.330000
9.224000	 5.268000
9.130000	 5.034000
8.992000	 5.106000
9.076000	 5.330000
    Prop L1 L122 KOSE高丝 1
    Pen (1, 2, 0)
PLINE 5
8.872000	 5.416000
9.000000	 5.368000
8.914000	 5.138000
8.776000	 5.198000
8.872000	 5.416000
    Prop L1 L123 TheFaceShop菲诗小铺 1
    Pen (1, 2, 0)
PLINE 6
8.658000	 5.498000
8.788000	 5.450000
8.702000	 5.222000
8.582000	 5.270000
8.580000	 5.310000
8.658000	 5.498000
    Prop L1 L124 嘉媚乐 1
    Pen (1, 2, 0)
PLINE 7
8.450000	 5.586000
8.568000	 5.542000
8.562000	 5.488000
8.498000	 5.308000
8.342000	 5.366000
8.406000	 5.524000
8.450000	 5.586000
    Prop L1 L125 自然堂/玛丽黛佳 1
    Pen (1, 2, 0)
PLINE 5
8.224000	 5.662000
8.352000	 5.622000
8.276000	 5.382000
8.144000	 5.434000
8.224000	 5.662000
    Prop L1 L126 巧迪尚惠 1
    Pen (1, 2, 0)
PLINE 4
8.352000	 5.992000
8.494000	 5.940000
8.268000	 5.788000
8.352000	 5.992000
    Prop L1 L121a 卞卡 1
    Pen (1, 2, 0)
PLINE 4
8.496000	 5.918000
8.266000	 5.764000
8.422000	 5.718000
8.496000	 5.918000
    Prop L1 L1-121 凯芙兰 1
    Pen (1, 2, 0)
PLINE 5
8.572000	 5.896000
8.706000	 5.854000
8.620000	 5.620000
8.484000	 5.676000
8.572000	 5.896000
    Prop L1 L120 丸美 1
    Pen (1, 2, 0)
PLINE 5
8.782000	 5.820000
8.916000	 5.770000
8.834000	 5.532000
8.688000	 5.584000
8.782000	 5.820000
    Prop L1 L119 温碧泉 1
    Pen (1, 2, 0)
PLINE 5
9.000000	 5.732000
9.114000	 5.690000
9.028000	 5.456000
8.908000	 5.504000
9.000000	 5.732000
    Prop L1 L118 蜜丝佛陀 1
    Pen (1, 2, 0)
PLINE 5
9.190000	 5.652000
9.330000	 5.606000
9.242000	 5.380000
9.110000	 5.434000
9.190000	 5.652000
    Prop L1 L117 佰草集 1
    Pen (1, 2, 0)
PLINE 4
9.414000	 5.562000
9.554000	 5.512000
9.472000	 5.286000
9.322000	 5.344000
    Prop L1 L116 兰芝 1
    Pen (1, 2, 0)
LINE 9.414000 5.562000  9.322000 5.344000
    Pen (1, 2, 0)
PLINE 5
10.106000	 6.546000
10.272000	 6.482000
10.212000	 6.326000
10.050000	 6.396000
10.106000	 6.546000
    Prop L1 L109 桂银银行ATM 2
    Pen (1, 2, 0)
PLINE 13
10.296000	 6.468000
10.230000	 6.292000
10.032000	 6.368000
9.948000	 6.132000
10.352000	 5.972000
10.466000	 6.004000
10.560000	 6.044000
10.620000	 6.112000
10.614000	 6.216000
10.578000	 6.298000
10.500000	 6.378000
10.348000	 6.452000
10.296000	 6.468000
    Prop L1 L108 欧时韵时尚表区 1
    Pen (1, 2, 0)
PLINE 5
9.574000	 6.340000
9.940000	 6.212000
9.920000	 6.140000
9.552000	 6.272000
9.574000	 6.340000
    Prop L1 L107 香水吧 1
    Pen (1, 2, 0)
PLINE 5
9.396000	 6.832000
9.574000	 6.756000
9.526000	 6.600000
9.332000	 6.682000
9.396000	 6.832000
    Prop L1 L104 8°潘多拉 1
    Pen (1, 2, 0)
PLINE 5
9.326000	 6.662000
9.510000	 6.582000
9.472000	 6.462000
9.276000	 6.538000
9.326000	 6.662000
    Prop L1 L105 LC 1
    Pen (1, 2, 0)
PLINE 9
9.278000	 6.510000
9.456000	 6.440000
9.442000	 6.394000
9.516000	 6.360000
9.488000	 6.290000
9.278000	 6.382000
9.248000	 6.432000
9.252000	 6.482000
9.278000	 6.510000
    Prop L1 L106 burberry巴宝莉香水 1
    Pen (1, 2, 0)
PLINE 4
9.684000	 6.094000
9.818000	 5.900000
9.868000	 6.022000
9.684000	 6.094000
    Prop L1 L111 自然堂 1
    Pen (1, 2, 0)
PLINE 5
9.954000	 5.982000
9.908000	 5.844000
10.116000	 5.766000
10.166000	 5.892000
9.954000	 5.982000
    Prop L1 L110 玉兰油 1
    Pen (1, 2, 0)
PLINE 4
9.648000	 6.100000
9.802000	 5.882000
9.576000	 5.976000
9.648000	 6.100000
    Prop L1 L111a 雅漾 1
    Pen (1, 2, 0)
PLINE 5
9.420000	 6.192000
9.374000	 6.066000
9.498000	 6.020000
9.554000	 6.140000
9.420000	 6.192000
    Prop L1 L112 红地球/荟诗 1
    Pen (1, 2, 0)
PLINE 5
9.334000	 5.978000
9.246000	 5.758000
9.364000	 5.708000
9.462000	 5.924000
9.334000	 5.978000
    Prop L1 L115 薇姿/理肤泉 1
    Pen (1, 2, 0)
PLINE 7
9.546000	 5.884000
9.702000	 5.826000
9.668000	 5.722000
9.626000	 5.736000
9.580000	 5.606000
9.450000	 5.662000
9.546000	 5.884000
    Prop L1 L114 美宝莲 1
    Pen (1, 2, 0)
PLINE 5
9.750000	 5.802000
9.896000	 5.746000
9.810000	 5.518000
9.658000	 5.574000
9.750000	 5.802000
    Prop L1 L113 欧莱雅 1
    Pen (1, 2, 0)
PLINE 11
7.986667	 5.903333
8.166667	 5.830000
7.776667	 4.756667
7.793333	 4.686667
8.040000	 4.586667
8.063333	 4.470000
8.053333	 4.413333
8.006667	 4.353333
7.970000	 4.416667
7.533333	 4.593333
7.986667	 5.903333
    Prop L1 L101 欧时瑞士名表区 1
    Pen (1, 2, 0)
PLINE 12
8.170000	 7.206667
8.316667	 7.153333
8.026667	 6.286667
8.230000	 6.200000
8.343333	 6.483333
8.983333	 6.706667
9.070000	 6.970000
8.360000	 7.263333
8.286667	 7.270000
8.233333	 7.270000
8.183333	 7.250000
8.170000	 7.206667
    Prop L1 L103 光大银行支行 2
    Pen (1, 2, 0)
PLINE 11
9.086667	 6.953333
9.170000	 6.926667
9.036667	 6.550000
8.366667	 6.336667
8.206667	 5.890000
7.913333	 6.003333
8.020000	 6.250000
8.243333	 6.153333
8.376667	 6.460000
9.000000	 6.686667
9.086667	 6.953333
    Prop L1 L102 国产表 1
    Pen (1, 2, 0)
Mark 3 垂直电梯 2.570 5.410
Mark 3 垂直电梯 3.860 3.940 P
Mark 3 垂直电梯 5.260 2.960
Mark 3 垂直电梯 5.850 1.530 P
Mark 3 垂直电梯 8.420 4.100
Mark 3 垂直电梯 9.370 2.450 P
Mark 3 垂直电梯 10.080 4.230
Mark 2 扶手电梯 2.360 4.390
Mark 2 扶手电梯 3.930 3.170 P
Mark 2 扶手电梯 4.790 2.270
Mark 2 扶手电梯 6.640 3.810
Mark 2 扶手电梯 7.030 2.270
Mark 2 扶手电梯 8.720 2.460
Mark 2 扶手电梯 9.860 3.460
Mark 2 扶手电梯 9.670 4.980 P
Mark 2 扶手电梯 8.870 6.090
Mark 1 导航台 3.480 2.910
Mark 1 导航台 8.950 2.440
Mark 1 导航台 9.900 5.230
Mark 8 顾客服务中心 8.500 3.060
Mark 4 洗手间 5.850 2.690
Mark 4 洗手间 9.680 2.790
Mark 5 残障洗手间 5.560 2.820
Mark 7 收银台 9.050 5.890